3027624142826700810512524480621104860873685888116391578487934297542778329275994823943807415497103734507581242610480124490649679978242722345384374339122528306474606993101409950782505869073626557520769372562537064755217078928514507751886022918031118128510118729857132185319255796882593662458453279364135908083975434609054601276506662068003113876908535144701877186552893764221112634165990325919075793321520116745128737433020912157805105777537844277554555576049301681347817181634919853542838581349214636283038186490769135705179697062965454543976893626202359785149781

5990823174872303409081815913076258494113880167152740289786718729106767875562260863407224117118884175640463313743548137958357521181833632833003763555977656904219440012081180598975178513946361180730886987448677786061934954838050333641213983156264492790631117828181641382223356246089490173345084825695994878300652424637147834645533250901

313777188815925099822585043402884428494182190229729211615176736235093559634178692437

181293865141871349357044112015018419502649754080597

1757376215861239855011157

9820104851543381

13397

157

59

89

67

101

19

29

11

17

13

5
