Done filling...
Done sieving...
Done counting. 89238660 primes.
Primes filled. Done init.
13
17
11
7
37
197
131
349
1861
162616661
111012973909
Primes: 12
181
241
82261
13560643409237
9040428939491
6026952626327
537941
5875750229
8607061
11476081
65719190108329301
175251173622211469
47006029141
98578730759574869
91575637
488403397
651204529
41677089877
14225780011349
2427866455270229
Primes: 13
144646863031861
37029596936156501
3190049736054101
277
24204629
4230065509717
1109
739
2957
31541
336437
224291
2449855829
6689739650389
428143337624917
47317
4134622549
67741655848277
7624021
162645781
3638324532434261
2483762880808455509
96431242021237
53
17749
6203725141
132346136341
2960532954877875541
2220399716163999061
853
4549
388181
258787
1413322069
16562389
918697301
14699156821
5017312194901
15413183063086421
1164629
198763349
135689112917
80032718378063189
35570086816601429
379414259377081909
70997
12116821
16155761
176463992149
240932170614101
45174781990229
120466085307277
30839317838662997
20559545225775331
986858170835359061
2000500315477
504661
10766101
58797266261
10034733441877
876848387795801429
7994365793621
127909852697941
170546462807381
116426385276505429
3413
152695035221
1628747042357
104239810710869
218453
582541
9773421778261
3495253
72701269
29
19
101
67
89
59
157
13397
9820104851543381
1621
2161
11801941
4224079218693461
10069
13747541
146640437
97760291
1042776437
Primes: 15
66737691989
711868714549
3796633144261
20734679145190741
Primes: 18
269
179
32033297749
2733508074581
40277
115325598520661
19682235480859477
415061
276707
792298343716181
17709269
47224717
270438153437140309
40138933767509
4239971669
740988755465557
273357586388309
289194464597
12635098954552661
33693597212140429
1212969499638453589
1877
20021
213557
2277941
7689557
82007381
229305440621909
9783698799868117
626156723191559509
492131669
88070392653370709
12403955029
49615820117
50806599800149
1429
7621
2601301
3468401
2312267
1616391787861
271358186837
27201459541
2376899803305301
3169199737740401
2112799825160267
9330447701
6220298467
2123195210069
556582885148415317
36996277
206898176808277
13241483315729749
3022381909
257909922901
1408532058936661
50707154127377749
14206571861
151536766517
151536751957
211863734960084309
4753795788920149
1216971721963558229
39724450305103189
164975957
109983971
18770597717
200219708981
533919223949
91122214220629
124412196482565461
82941464321710307
55294309547806871
Primes: 19
1759743541
600659128661
102512491291477
8747732590206037
6560799442654549
3203515343701
820099927987541
2186933141296469
5831821710123917
5717
975701
2601869
3996472661
2664315107
1776210071
19400950535509
2728258669909
10913034679637
77603802142037
827773889515061
67049685077284181
1241660834272597
26488764464482069
1695280925726852437
2260374567635803249
1498764629
261928103269717
22351198145682517
67053594437047637
6138939921749
4092626614499
98223038747989
523856206655941
698474942207921
127864755541
36261156181
116405703234901
1640145523922261
168935380309
14415819119701
4920599592857941
2767837270988117
472377560915305301
2834265365491832149
149
397
2168149
8672597
2389
426633418069
2273469355349
24250339790389
336942421
366302549
62515635029
41677090019
444555626869
1048838312264291669
2731349771507029
3797
2531
1769297237
60757
3021296981
2062538739029
682064434517
9931113530479957
246610929009382741
328814572012510321
39146837
112089589771228501
626349397
224179181332026709
1237
105557
1125941
3002509
16013381
10931801429
29851105768789
4611855701
206330931350689109
2200863267740683829
192160597
256214129
683237677
910983569
9717158069
6478105379
4528523883926869
24152127380943301
16791249179989
58302948437
15283768115156309
652107439580002517
2865706153891157
1688917
9223738709
1574184739669
6296738958677
424549114139989
2264261942079941
386434038114976597
432362837
6917805397
9223740529
2361277575509
5441849549739349
29023197598609861
978161159370003797
186612112306820437
12720854357
555782607426901
1747490480411989
149119187661823061
397651167098194829
10913030952277
61781
658997
988501
5398533461
230337427669
314487367910741
58966381483349
157243683955597
838632981096517
10543957
224937749
149958499
204743337301
272991116401
42175829
9597343957
838628711421269
161016712598476117
3773829207119189
22112393057621
943462103791829
297784399189
10669335008597
466150359415608661
2699253077
460672525141
9827680536341
6551787024227
1886914662978901
172752196949
1842690100789
9827680537541
176898249676117
45285951917086037
483050153722598741
13981013
160127982933202261
3665038759253
234562480592213
21531989
90311708988757
5779949375280469
183637
62681429
10697630549
1002902869
171162088789
43817494730069
116846652613517
734549
7835189
21908776375637
8023233877
4011611477
350540422010197
4107890152789
21908747481541
467386612939541
16431560611157
10954373740771
2804319677637461
192557700437
134607588862285141
