20734679145190741
62204037435572224
31102018717786112
15551009358893056
7775504679446528
3887752339723264
1943876169861632
971938084930816
485969042465408
242984521232704
121492260616352
60746130308176
30373065154088
15186532577044
7593266288522
3796633144261
11389899432784
5694949716392
2847474858196
1423737429098
711868714549
2135606143648
1067803071824
533901535912
266950767956
133475383978
66737691989
200213075968
100106537984
50053268992
25026634496
12513317248
6256658624
3128329312
1564164656
782082328
391041164
195520582
97760291
293280874
146640437
439921312
219960656
109980328
54990164
27495082
13747541
41242624
20621312
10310656
5155328
2577664
1288832
644416
322208
161104
80552
40276
20138
10069
30208
15104
7552
3776
1888
944
472
236
118
59
178
89
268
134
67
202
101
304
152
76
38
19
58
29
88
44
22
11
34
17
52
26
13
40
20
10
5
16
8
4
2
1
